1416073085911
1416073085911
1416073085911
1416073085911
1416073085911
1416073085911
1416073085911
1416073085911
1416073085911
1416073085911
1416073085921
1416073085921
1416073085921
1416073085921
1416073085921
1416073085921
1416073085921
1416073085921
1416073085931
1416073085931
1416073085931
1416073085931
1416073085931
1416073085931
1416073085931
1416073085931
1416073085931
1416073085941
1416073085941
1416073085941
1416073085941
1416073085941
1416073085941
1416073085941
1416073085941
1416073085941
1416073085941
1416073085941
1416073085951
1416073085951
1416073085952
1416073085952
1416073085953
1416073085955
1416073085955
1416073085956
1416073085957
1416073085958
1416073085959
1416073085959
1416073085959
1416073085960
1416073085961
1416073085961
1416073085962
1416073085963
1416073085963
1416073085964
1416073085964
1416073085964
1416073085964
1416073085966
1416073085967
1416073085967
1416073085968
1416073085973
1416073085973
1416073085973
1416073085973
1416073085973
1416073085973
1416073085973
1416073085973
1416073085973
1416073085973
1416073085973
1416073085973
1416073085983
1416073085983
1416073085983
1416073085983
1416073085983
1416073085983
1416073085993
